1847
1448
1701
1450
1350
1763
1929
2195
1693
1845
1894
2011
1772
1738
1641
1845
1704
2113
1617
1579
1847
1753
2110
1743
1993
2115
1702
1518
1093
1307
1398
1094
1428
1676
1856
1472
1205
1338
1001
1590
1239
1387
1234
1131
1320
1314
1565
1540
990
1064
1262
1544
1408
1286
1242
1648
1483
1336
1154
1422
1420
1457
1467
1296
1141
1473
1141
1343
1506
1102
1253
1129
1340
1425
1284
1147
1340
1320
1114
1242
1194
1044
1129
1239
1733
1610
1868
1731
1832
1619
1509
1878
1811
1927
1535
1974
1764
1834
1479
1922
2000
1858
1941
1739
1757
1759
2046
2410
2598
2298
2245
1944
2080
2814
2057
2300
2172
2514
2175
2138
2569
2307
2481
2351
2090
1643
1688
1590
2054
1697
1984
1825
1385
2006
1918
2191
1816
1632
1660
1754
1570
1814
2259
1795
1856
1579
2056
1694
1778
1848
1743
1748
1884
1695
1860
2096
2109
2159
1936
2160
2089
2260
2195
2055
2570
1519
1854
2016
2251
2147
2224
2106
2195
2435
2342
2505
2672
2330
2875
2600
2484
2686
2367
2617
2478
3123
2469
2798
2760
1404
1791
2157
2201
2257
2001
1818
2214
1941
1904
2015
2031
1842
2366
2043
2386
2262
2143
2295
2210
1821
