2436
1474
1820
1456
1692
1754
1376
2628
1650
1987
1616
1910
2020
1593
2840
1706
2087
1714
1935
2110
1672
2521
1603
1996
1526
1846
2016
1568
2491
1511
1899
1530
1720
1829
1459
2668
1700
2091
1612
1942
2082
1669
2580
1560
1940
1504
1836
1894
1442
2436
2192
2158
2004
2190
2417
2282
2636
2402
2370
2160
2390
2621
2492
2729
2530
2481
2307
2511
2758
2650
2493
2298
2273
2102
2302
2505
2404
2463
2216
2202
1992
2223
2465
2359
2648
2430
2429
2224
2394
2642
2515
2471
2282
2277
2107
2291
2534
2387
1793
1770
1854
1808
1460
1661
1753
1979
1826
1941
1954
1638
1778
1956
2054
1989
2053
1978
1803
1814
2072
1861
1809
1926
1883
1612
1724
1892
1878
1776
1898
1872
1528
1706
1853
1907
1862
2002
1964
1657
1798
1960
1887
1789
1874
1871
1562
1626
1876
1862
2127
2045
2067
2211
2094
2048
1955
2205
2133
2247
2378
2272
2148
2160
2428
2325
2438
2595
2486
2381
1950
2192
2105
2147
2366
2256
2090
1857
2126
2123
2125
2277
2197
2110
2103
2314
2285
2296
2507
2374
2281
1933
2105
2061
2194
2326
2250
2144
2154
2294
2612
2498
2660
2477
2554
2350
2598
2840
2713
2832
2721
2848
2478
2720
3052
3015
3077
2917
3025
2276
2557
2754
2777
2812
2653
2804
2281
2496
2741
2690
2704
2548
2672
2373
2626
2835
2900
2996
2772
2875
2324
2509
2771
2727
2794
2649
2750
2161
2144
1818
2156
2098
2216
1957
2326
2364
2013
2321
2231
2336
2131
2514
2519
2148
2313
2373
2561
2299
2272
2266
2007
2275
2280
2257
2164
2211
2230
1891
2258
2079
2259
1941
2373
2417
2089
2297
2362
2504
2246
2217
2266
1962
2286
2175
2330
2081
2175
2433
2546
2484
2304
2439
2636
2332
2666
2857
2604
2514
2659
2845
2518
2861
2998
2951
2742
2815
3066
2304
2613
2735
2613
2481
2587
2795
2248
2580
2705
2555
2370
2494
2726
2418
2714
2839
2721
2621
2754
2900
2221
2574
2699
2547
2474
2575
2792
2221
2817
2856
2768
2945
2888
3047
2375
3102
3082
2928
3146
3150
3209
2717
3261
3243
3238
3268
3381
3338
2466
3045
3026
2941
3128
3119
3141
2282
2913
2947
2782
3032
2959
3072
2534
3108
3168
3061
3263
3237
3214
2336
2994
2914
2882
2956
2964
3054
1714
1860
1843
2447
2010
2333
2068
2020
2103
2069
2679
2283
2570
2312
2085
2309
2229
2824
2566
2692
2405
1985
2153
2152
2698
2356
2524
2239
1832
1977
1919
2509
2090
2381
2103
1954
2152
2160
2755
2420
2557
2244
1890
1999
2003
2622
2248
2444
2092
2581
2353
2361
2171
2339
2535
2449
1792
1564
1541
1442
1508
1773
1624
2132
1965
1881
1779
1949
2071
1997
1603
1484
1355
1303
1449
1620
1502
2025
1787
1799
1564
1781
1979
1898
2210
1965
1940
1817
1973
2186
2027
1767
1561
1556
1344
1570
1766
1656
1927
1899
1898
1975
1875
1832
1964
1337
1245
1331
1336
1110
1189
1306
1570
1578
1602
1572
1105
1471
1579
1234
1184
1212
1239
1116
1099
1234
1444
1470
1487
1496
1146
1332
1413
1599
1558
1631
1594
1430
1468
1646
1289
1294
1340
1364
1052
1177
1335
2014
2257
2079
2290
2360
2220
2102
1383
1586
1538
1541
1691
1576
1533
1764
1958
1926
1862
2117
1993
1853
1308
1560
1477
1573
1645
1594
1506
1548
1800
1723
1734
1953
1789
1757
1690
1935
1846
1906
2030
1896
1832
1337
1577
1549
1563
1695
1549
1542
2495
2728
2958
2896
2988
2798
2848
1687
1931
2200
2100
2111
1990
2072
2011
2293
2551
2516
2594
2424
2489
1604
1883
2151
2083
1992
1944
2023
1807
2098
2440
2357
2407
2192
2323
2061
2291
2481
2454
2496
2339
2398
1635
1824
2088
1959
1968
1837
1962
2423
2400
2043
2656
2457
2500
2308
1647
1729
1303
1800
1665
1830
1579
2063
2118
1680
2257
2066
2226
1972
1544
1630
1251
1772
1564
1677
1488
1797
1865
1506
2126
1867
1999
1771
1928
2003
1652
2172
1966
2108
1862
1610
1692
1273
1834
1625
1749
1472
2374
2726
2957
2759
2613
2706
2894
1627
1946
2093
2031
1870
1970
2142
2009
2317
2544
2540
2344
2389
2606
1441
1807
1952
1831
1717
1710
1785
1835
2149
2377
2233
2088
2133
2335
1905
2218
2437
2246
2203
2272
2358
1585
1835
2032
1970
1788
1866
2046
2507
3144
3063
3074
3268
3183
3138
1813
2132
2094
2136
2287
2189
2386
2305
2581
2578
2541
2808
2744
2759
1713
2175
2158
2169
2252
2254
2330
2051
2362
2189
2450
2561
2564
2588
2110
2510
2423
2515
2716
2695
2757
1715
2092
2113
2133
2326
2137
2295
2128
2050
2186
2839
2374
2406
2165
1413
1497
1461
1915
1673
1908
1581
1921
1965
1925
2446
2188
2250
2054
1403
1389
1435
1931
1654
1730
1524
1681
1754
1660
2227
1876
2085
1824
1735
1836
1782
2379
2027
2187
1938
1461
1483
1462
1908
1579
1801
1537
1792
1891
1845
1876
1664
1750
2000
1621
1727
1732
1760
1522
1622
1834
1657
1701
1778
1765
1470
1602
1834
1524
1554
1633
1671
1406
1451
1699
1625
1671
1642
1744
1511
1551
1745
1882
1867
1884
1934
1632
1724
1954
1692
1756
1782
1793
1563
1666
1845
2066
2272
2250
2261
2477
2347
2237
1821
2089
2067
2053
2259
2156
2011
1825
2078
2026
2034
2221
2096
2017
1678
1922
1856
1910
2081
2012
1834
1841
2064
1991
2016
2152
2056
2014
2028
2267
2194
2196
2448
2270
2188
1898
2128
2084
2093
2292
2150
2072
2375
2652
2761
2745
2896
2690
2848
2208
2389
2507
2536
2594
2440
2511
2169
2393
2512
2531
2613
2404
2488
1959
2216
2361
2410
2447
2229
2342
2142
2424
2589
2507
2631
2548
2591
2290
2603
2730
2683
2849
2610
2661
2302
2543
2680
2627
2631
2544
2611
2286
2348
2048
2522
2353
2398
2190
1952
2077
1759
2327
2105
2220
2009
1954
2009
1734
2297
2066
2218
1980
1832
1861
1582
2064
1918
2069
1847
1991
1980
1685
2333
2099
2232
2018
2243
2327
2006
2538
2322
2437
2188
2068
2180
1869
2379
2244
2351
2009
2362
2671
2934
2707
2562
2640
2825
2120
2370
2650
2442
2300
2345
2560
2089
2403
2628
2431
2314
2384
2494
1964
2246
2462
2346
2161
2242
2388
2144
2428
2675
2478
2336
2434
2586
2331
2620
2899
2631
2524
2630
2793
2184
2486
2772
2558
2416
2514
2679
2436
3004
2914
2768
3068
3076
3061
2048
2519
2498
2435
2726
2688
2593
2092
2645
2630
2412
2782
2770
2721
2004
2428
2452
2284
2607
2598
2584
2110
2690
2624
2529
2897
2789
2699
2314
2801
2717
2722
2977
3026
2819
2258
2750
2750
2677
2901
2974
2774
2081
2116
2169
2646
2231
2410
2228
1786
1748
1816
2327
1862
2108
2004
1758
1754
1787
2299
1777
2020
1888
1648
1669
1734
2185
1742
1958
1744
1822
1801
1842
2317
1874
2095
1917
2074
2097
2088
2563
2078
2368
2137
1976
2016
1978
2506
2017
2328
2112
1492
1810
1707
1786
1900
1734
1698
1455
1783
1738
1756
1828
1746
1605
1485
1775
1726
1735
1862
1750
1662
1516
1699
1651
1709
1839
1711
1591
1306
1331
1345
1412
1389
1407
1338
1335
1599
1594
1588
1758
1582
1527
1449
1718
1696
1686
1821
1735
1642
1784
1950
2069
2116
2129
2055
2090
1737
1960
2083
2105
2057
2073
2104
1809
2019
2086
2109
2081
2030
2106
1714
1932
2027
2005
2077
2044
2062
1345
1485
1566
1518
1649
1643
1699
1637
1858
1954
1958
1885
1884
1950
1878
2059
2103
2184
2105
2124
2136
1766
1781
1536
1878
1775
1779
1580
1671
1702
1462
1883
1747
1755
1619
1755
1807
1524
1820
1800
1757
1570
1627
1712
1491
1754
1637
1805
1552
1454
1409
1259
1561
1553
1511
1253
1580
1617
1313
1756
1582
1631
1506
1704
1815
1559
1919
1758
1860
1586
1700
1919
2189
1847
1791
1972
2046
1625
1918
2081
1969
1752
1936
2084
1694
1993
2193
1945
1792
1989
2086
1746
1922
2181
1928
1827
1946
2061
1484
1703
1820
1456
1506
1709
1765
1572
1838
1933
1879
1654
1762
1891
1740
1935
2212
1970
1846
1978
2083
1651
2289
2179
2226
2285
2350
2359
1785
2263
2148
2194
2320
2370
2340
1609
2319
2199
2167
2375
2363
2345
1666
2271
2155
2130
2355
2376
2261
1266
1779
1898
1783
1928
1964
1948
1591
2145
2099
2118
2191
2178
2216
1738
2349
2237
2256
2433
2414
2428
1557
1555
1527
1935
1700
1780
1648
1524
1493
1567
1848
1679
1819
1655
1542
1535
1582
1926
1680
1786
1682
1507
1462
1534
1855
1597
1761
1668
1061
1106
1125
1537
1242
1339
1398
1379
1412
1434
1749
1570
1652
1536
1543
1581
1607
2036
1731
1806
1675
1999
2199
2471
2380
2460
2336
2430
2192
2434
2496
2483
2531
2460
2516
2104
2311
2399
2330
2446
2301
2370
2121
2444
2556
2495
2562
2496
2600
2282
2496
2648
2560
2768
2585
2788
2195
2466
2565
2567
2696
2593
2579
2056
2193
2351
2348
2385
2320
2387
1886
1915
1515
2026
1823
1898
1763
2046
2126
1818
2237
2016
2182
1983
2056
2056
1784
2094
2050
2105
1981
2074
2139
1763
2331
2031
2121
2027
2150
2290
1932
2406
2076
2256
2093
2096
2173
1810
2230
2109
2177
2031
2045
2021
1712
2131
1987
2089
1947
1774
2089
2277
2267
2086
2131
2376
2103
2440
2608
2343
2328
2382
2577
2037
2368
2563
2312
2212
2359
2516
2087
2386
2603
2302
2207
2336
2556
2146
2469
2661
2509
2372
2520
2599
2075
2469
2602
2448
2362
2375
2619
2046
2263
2468
2236
2113
2299
2424
2118
2543
2545
2554
2646
2675
2626
2082
2609
2698
2585
2804
2783
2820
2106
2621
2642
2579
2739
2767
2787
2138
2743
2605
2658
2778
2841
2819
2388
2874
2855
2731
2973
2962
3066
2133
2738
2657
2751
2793
2864
2880
2004
2617
2647
2620
2727
2704
2749
1661
1697
1625
2215
1911
1990
1765
1869
1920
1906
2380
2035
2259
2008
1791
1822
1813
2300
2043
2140
1921
1832
1902
1829
2328
2093
2211
2061
2023
2088
2032
2626
2219
2466
2220
1935
1975
1911
2408
2242
2333
2081
1757
1844
1713
2311
1979
2113
1940
2231
2194
1909
2601
2372
2404
2233
2493
2497
2152
2789
2527
2678
2469
2682
2768
2393
2992
2735
2959
2744
2663
2681
2229
2999
2655
2743
2690
2743
2763
2256
3033
2755
2832
2655
2529
2618
2162
2835
2629
2669
2514
2680
2630
2227
3011
2711
2855
2647
2233
2615
2780
2821
2555
2592
2816
2456
2874
3083
2960
2674
2768
3051
2690
3041
3319
3289
2909
2923
3321
2672
3004
3202
3230
2920
2976
3246
2637
3138
3224
3331
3086
3125
3349
2549
2937
3109
3128
2793
2842
3050
2634
3101
3204
3268
2944
2982
3282
2445
2998
2756
2883
3012
2867
3113
2764
3369
3129
3210
3381
3171
3373
3202
3653
3553
3707
3775
3756
3768
3057
3585
3470
3547
3600
3526
3663
3094
3598
3535
3701
3710
3675
3729
2939
3423
3392
3328
3415
3479
3590
3022
3563
3492
3516
3624
3620
3707
2131
2089
2098
2630
2344
2503
2306
2380
2273
2389
2783
2643
2770
2495
2654
2680
2634
3213
2927
3085
2742
2466
2454
2517
3027
2790
2931
2601
2542
2677
2627
3273
2924
3081
2716
2436
2370
2420
2933
2651
2837
2569
2537
2569
2472
3109
2744
2973
2720
1960
2407
2637
2541
2339
2432
2546
2032
2491
2752
2598
2381
2483
2621
1753
2100
2355
2043
2017
2048
2142
2287
2746
2934
2855
2643
2728
2901
2061
2461
2677
2586
2369
2462
2610
2154
2538
2735
2709
2482
2596
2856
1794
2261
2483
2495
2314
2362
2498
2343
2899
2774
2891
2814
2916
2997
2426
2968
2871
2924
2936
2998
3010
1961
2423
2391
2404
2509
2469
2551
2710
3050
2883
3071
3315
3296
3295
2413
2929
2836
2945
2962
2956
2978
2640
2988
2931
3034
3060
3121
3174
2375
2765
2622
2842
2857
2828
2833
1965
2031
1961
2530
2266
2392
2105
1974
2071
2030
2592
2353
2370
2168
1585
1608
1693
2148
1872
2018
1770
2165
2278
2284
2811
2615
2572
2441
1982
2072
2100
2596
2330
2418
2114
2094
2205
2211
2731
2521
2608
2295
1972
1968
1988
2518
2267
2339
2034
2142
2840
2674
2783
2915
2864
2861
2607
3180
3106
3124
3321
3240
3249
2805
3436
3282
3396
3508
3470
3510
2863
3394
3249
3332
3459
3471
3527
2508
3165
2989
3155
3227
3263
3152
2654
3334
3093
3268
3277
3286
3172
2734
3447
3202
3323
3376
3403
3419
1900
1913
1868
2442
2060
2362
2084
2274
2349
2314
2859
2550
2696
2418
2377
2504
2438
2993
2783
2791
2528
2400
2526
2483
2969
2772
2838
2547
2219
2256
2278
2687
2408
2577
2341
2292
2357
2367
2821
2646
2660
2431
2467
2471
2556
3101
2736
2997
2658
2289
2267
2237
2740
2550
2692
2386
2749
2680
2585
3370
2983
3286
2883
2612
2559
2638
3123
2921
3087
2721
2745
2691
2658
3221
2955
3060
2921
2717
2742
2883
3309
3169
3210
3052
2660
2663
2740
3335
3065
3195
2883
2705
2693
2790
3431
3130
3253
2972
